stock,0.333333,0.00232558,0.0030303
futur,0.333333,0.00246407,0.0030303
higher,0.333333,0.00346941,0.0030303
2, 9.51641
stock,0.333333,0.00232558,0.00252525
futur,0.333333,0.00246407,0.00252525
higher,0.333333,0.00346941,0.00252525
3, 9.46373
stock,0.333333,0.00232558,0.00167785
futur,0.333333,0.00246407,0.00167785
higher,0.333333,0.00346941,0.00167785
4, 9.41348
stock,0.333333,0.00232558,0.0021645
futur,0.333333,0.00246407,0.0021645
higher,0.333333,0.00346941,0.0021645
5, 9.37093
stock,0.333333,0.00232558,0.00200401
futur,0.333333,0.00246407,0.00200401
higher,0.333333,0.00346941,0.00200401
6, 9.32193
stock,0.333333,0.00232558,0.00340136
futur,0.333333,0.00246407,0.00340136
higher,0.333333,0.00346941,0.00340136
7, 9.27452
stock,0.333333,0.00232558,0.00199203
futur,0.333333,0.00246407,0.00199203
higher,0.333333,0.00346941,0.00199203
8, 9.23153
stock,0.333333,0.00232558,0.00229885
futur,0.333333,0.00246407,0.00229885
higher,0.333333,0.00346941,0.00229885
11, 9.17726
stock,0.333333,0.00232558,0.00242718
futur,0.333333,0.00246407,0.00242718
higher,0.333333,0.00346941,0.00242718
13, 9.12587
stock,0.333333,0.00232558,0.00191205
futur,0.333333,0.00246407,0.00191205
higher,0.333333,0.00346941,0.00191205
14, 9.07099
