stock,0.5,0.00429093,0.0030303
ralli,0.5,0.00489416,0.0030303
2, 33.5937
stock,0.5,0.00429093,0.00200401
ralli,0.5,0.00489416,0.00200401
6, 32.857
stock,0.5,0.00429093,0.00253165
ralli,0.5,0.00489416,0.00253165
17, 32.1814
stock,0.5,0.00429093,0.00518135
ralli,0.5,0.00489416,0.00518135
19, 31.4209
stock,0.5,0.00429093,0.00348432
ralli,0.5,0.00489416,0.00348432
33, 31.1671
stock,0.5,0.00429093,0.00230415
ralli,0.5,0.00489416,0.00230415
62, 30.4364
stock,0.5,0.00429093,0.00274725
ralli,0.5,0.00489416,0.00274725
86, 29.6325
stock,0.5,0.00429093,0.00163132
ralli,0.5,0.00489416,0.00163132
102, 28.7946
stock,0.5,0.00429093,0.00239808
ralli,0.5,0.00489416,0.00239808
103, 28.0648
stock,0.5,0.00429093,0.00166667
ralli,0.5,0.00489416,0.00166667
104, 27.1896
