debt,0.5,0.00550334,0.00199203
crisi,0.5,0.00632989,0.00199203
8, 34.4875
debt,0.5,0.00550334,0.0021322
crisi,0.5,0.00632989,0.0021322
9, 34.2828
debt,0.5,0.00550334,0.00229885
crisi,0.5,0.00632989,0.00229885
11, 34.0506
debt,0.5,0.00550334,0.00201207
crisi,0.5,0.00632989,0.00201207
25, 33.815
debt,0.5,0.00550334,0.0020284
crisi,0.5,0.00632989,0.0020284
26, 33.5777
debt,0.5,0.00550334,0.00297619
crisi,0.5,0.00632989,0.00297619
34, 33.3387
debt,0.5,0.00550334,0.00162602
crisi,0.5,0.00632989,0.00162602
35, 33.0981
debt,0.5,0.00550334,0.00171233
crisi,0.5,0.00632989,0.00171233
59, 32.9092
debt,0.5,0.00550334,0.0015674
crisi,0.5,0.00632989,0.0015674
96, 32.7134
debt,0.5,0.00550334,0.00160772
crisi,0.5,0.00632989,0.00160772
98, 32.4834
