427
330
396
596
462
499
294
502
469
337
434
646
412
523
443
256
395
662
193
466
472
563
282
490
497
493
448
453
348
217
185
209
287
336
615
313
555
236
350
555
518
505
517
531
491
466
511
476
478
246
407
193
445
654
371
452
251
546
584
605
639
434
383
608
548
546
400
593
458
394
182
696
717
427
723
251
470
288
592
344
444
432
314
443
558
364
551
322
331
480
499
419
168
477
418
638
381
622
483
647
353
613
417
601
464
345
300
433
621
590
493
490
509
500
489
710
482
277
494
509
612
310
502
518
611
411
421
318
532
577
522
357
466
647
453
407
525
471
443
247
298
602
258
449
424
461
450
726
866
389
458
463
386
463
377
225
518
436
552
612
411
364
604
360
769
581
520
265
415
495
437
348
302
413
411
380
481
683
402
231
446
507
364
496
183
376
691
294
420
786
411
306
344
512
377
241
375
528
430
508
